151
1 0.000000 
2 0.040000 
3 0.080000 
4 0.120000 
5 0.160000 
6 0.200000 
7 0.240000 
8 0.280000 
9 0.320000 
10 0.360000 
11 0.400000 
12 0.440000 
13 0.480000 
14 0.520000 
15 0.560000 
16 0.600000 
17 0.640000 
18 0.680000 
19 0.720000 
20 0.760000 
21 0.800000 
22 0.840000 
23 0.880000 
24 0.920000 
25 0.960000 
26 1.000000 
27 1.040000 
28 1.080000 
29 1.120000 
30 1.160000 
31 1.200000 
32 1.240000 
33 1.280000 
34 1.320000 
35 1.360000 
36 1.400000 
37 1.440000 
38 1.480000 
39 1.520000 
40 1.560000 
41 1.600000 
42 1.640000 
43 1.680000 
44 1.720000 
45 1.760000 
46 1.800000 
47 1.840000 
48 1.880000 
49 1.920000 
50 1.960000 
51 2.000000 
52 2.040000 
53 2.080000 
54 2.120000 
55 2.160000 
56 2.200000 
57 2.240000 
58 2.280000 
59 2.320000 
60 2.360000 
61 2.400000 
62 2.440000 
63 2.480000 
64 2.520000 
65 2.560000 
66 2.600000 
67 2.640000 
68 2.680000 
69 2.720000 
70 2.760000 
71 2.800000 
72 2.840000 
73 2.880000 
74 2.920000 
75 2.960000 
76 3.000000 
77 3.040000 
78 3.081279 
79 3.123877 
80 3.167836 
81 3.213201 
82 3.260016 
83 3.308328 
84 3.358184 
85 3.409633 
86 3.462727 
87 3.517518 
88 3.574061 
89 3.632411 
90 3.692626 
91 3.754766 
92 3.818892 
93 3.885068 
94 3.953359 
95 4.023833 
96 4.096560 
97 4.171612 
98 4.249063 
99 4.328989 
100 4.411471 
101 4.496588 
102 4.584427 
103 4.675074 
104 4.768617 
105 4.865152 
106 4.964771 
107 5.067576 
108 5.173666 
109 5.283148 
110 5.396129 
111 5.512721 
112 5.633041 
113 5.757206 
114 5.885341 
115 6.017571 
116 6.154028 
117 6.294847 
118 6.440168 
119 6.590133 
120 6.744892 
121 6.904598 
122 7.069409 
123 7.239489 
124 7.415004 
125 7.596131 
126 7.783047 
127 7.975938 
128 8.174994 
129 8.380414 
130 8.592399 
131 8.811161 
132 9.036916 
133 9.269887 
134 9.510305 
135 9.758407 
136 10.014441 
137 10.278659 
138 10.551322 
139 10.832701 
140 11.123075 
141 11.422730 
142 11.731964 
143 12.051082 
144 12.380401 
145 12.720247 
146 13.070956 
147 13.432876 
148 13.806364 
149 14.191791 
150 14.589539 
151 15.000000 
