321
1 -6.000000 
2 -5.868979 
3 -5.742093 
4 -5.619214 
5 -5.500213 
6 -5.384969 
7 -5.273363 
8 -5.165281 
9 -5.060610 
10 -4.959244 
11 -4.861077 
12 -4.766010 
13 -4.673944 
14 -4.584784 
15 -4.498438 
16 -4.414819 
17 -4.333839 
18 -4.255416 
19 -4.179468 
20 -4.105918 
21 -4.034690 
22 -3.965710 
23 -3.898908 
24 -3.834215 
25 -3.771564 
26 -3.710890 
27 -3.652133 
28 -3.595230 
29 -3.540123 
30 -3.486756 
31 -3.435074 
32 -3.385023 
33 -3.336552 
34 -3.289612 
35 -3.244153 
36 -3.200129 
37 -3.157495 
38 -3.116207 
39 -3.076222 
40 -3.037500 
41 -3.000000 
42 -2.962500 
43 -2.925000 
44 -2.887500 
45 -2.850000 
46 -2.812500 
47 -2.775000 
48 -2.737500 
49 -2.700000 
50 -2.662500 
51 -2.625000 
52 -2.587500 
53 -2.550000 
54 -2.512500 
55 -2.475000 
56 -2.437500 
57 -2.400000 
58 -2.362500 
59 -2.325000 
60 -2.287500 
61 -2.250000 
62 -2.212500 
63 -2.175000 
64 -2.137500 
65 -2.100000 
66 -2.062500 
67 -2.025000 
68 -1.987500 
69 -1.950000 
70 -1.912500 
71 -1.875000 
72 -1.837500 
73 -1.800000 
74 -1.762500 
75 -1.725000 
76 -1.687500 
77 -1.650000 
78 -1.612500 
79 -1.575000 
80 -1.537500 
81 -1.500000 
82 -1.462500 
83 -1.425000 
84 -1.387500 
85 -1.350000 
86 -1.312500 
87 -1.275000 
88 -1.237500 
89 -1.200000 
90 -1.162500 
91 -1.125000 
92 -1.087500 
93 -1.050000 
94 -1.012500 
95 -0.975000 
96 -0.937500 
97 -0.900000 
98 -0.862500 
99 -0.825000 
100 -0.787500 
101 -0.750000 
102 -0.712500 
103 -0.675000 
104 -0.637500 
105 -0.600000 
106 -0.562500 
107 -0.525000 
108 -0.487500 
109 -0.450000 
110 -0.412500 
111 -0.375000 
112 -0.337500 
113 -0.300000 
114 -0.262500 
115 -0.225000 
116 -0.187500 
117 -0.150000 
118 -0.112500 
119 -0.075000 
120 -0.037500 
121 0.000000 
122 0.037500 
123 0.075000 
124 0.112500 
125 0.150000 
126 0.187500 
127 0.225000 
128 0.262500 
129 0.300000 
130 0.337500 
131 0.375000 
132 0.412500 
133 0.450000 
134 0.487500 
135 0.525000 
136 0.562500 
137 0.600000 
138 0.637500 
139 0.675000 
140 0.712500 
141 0.750000 
142 0.787500 
143 0.825000 
144 0.862500 
145 0.900000 
146 0.937500 
147 0.975000 
148 1.012500 
149 1.050000 
150 1.087500 
151 1.125000 
152 1.162500 
153 1.200000 
154 1.237500 
155 1.275000 
156 1.312500 
157 1.350000 
158 1.387500 
159 1.425000 
160 1.462500 
161 1.500000 
162 1.537500 
163 1.575000 
164 1.612500 
165 1.650000 
166 1.687500 
167 1.725000 
168 1.762500 
169 1.800000 
170 1.837500 
171 1.875000 
172 1.912500 
173 1.950000 
174 1.987500 
175 2.025000 
176 2.062500 
177 2.100000 
178 2.137500 
179 2.175000 
180 2.212500 
181 2.250000 
182 2.287500 
183 2.325000 
184 2.362500 
185 2.400000 
186 2.437500 
187 2.475000 
188 2.512500 
189 2.550000 
190 2.587500 
191 2.625000 
192 2.662500 
193 2.700000 
194 2.737500 
195 2.775000 
196 2.812500 
197 2.850000 
198 2.887500 
199 2.925000 
200 2.962500 
201 3.000000 
202 3.037500 
203 3.075715 
204 3.114658 
205 3.154344 
206 3.194787 
207 3.236000 
208 3.277999 
209 3.320799 
210 3.364415 
211 3.408862 
212 3.454157 
213 3.500315 
214 3.547353 
215 3.595288 
216 3.644137 
217 3.693917 
218 3.744646 
219 3.796342 
220 3.849024 
221 3.902710 
222 3.957419 
223 4.013171 
224 4.069987 
225 4.127885 
226 4.186888 
227 4.247015 
228 4.308288 
229 4.370730 
230 4.434362 
231 4.499207 
232 4.565288 
233 4.632629 
234 4.701254 
235 4.771187 
236 4.842453 
237 4.915078 
238 4.989088 
239 5.064508 
240 5.141366 
241 5.219690 
242 5.299507 
243 5.380845 
244 5.463734 
245 5.548203 
246 5.634283 
247 5.722003 
248 5.811396 
249 5.902494 
250 5.995327 
251 6.089931 
252 6.186338 
253 6.284583 
254 6.384702 
255 6.486728 
256 6.590700 
257 6.696654 
258 6.804628 
259 6.914660 
260 7.026791 
261 7.141058 
262 7.257504 
263 7.376171 
264 7.497099 
265 7.620333 
266 7.745916 
267 7.873893 
268 8.004310 
269 8.137214 
270 8.272651 
271 8.410670 
272 8.551320 
273 8.694652 
274 8.840716 
275 8.989565 
276 9.141252 
277 9.295830 
278 9.453355 
279 9.613884 
280 9.777472 
281 9.944180 
282 10.114065 
283 10.287190 
284 10.463614 
285 10.643403 
286 10.826618 
287 11.013327 
288 11.203595 
289 11.397490 
290 11.595082 
291 11.796441 
292 12.001638 
293 12.210748 
294 12.423844 
295 12.641002 
296 12.862301 
297 13.087818 
298 13.317635 
299 13.551833 
300 13.790495 
301 14.033708 
302 14.281557 
303 14.534132 
304 14.791521 
305 15.053818 
306 15.321115 
307 15.593507 
308 15.871093 
309 16.153971 
310 16.442241 
311 16.736008 
312 17.035374 
313 17.340448 
314 17.651338 
315 17.968155 
316 18.291011 
317 18.620023 
318 18.955307 
319 19.296983 
320 19.645172 
321 20.000000 
